LM=10
971.00000 295.00000
1073.00000 295.00000
1026.00000 507.00000
925.00000 594.00000
999.00000 596.00000
933.00000 754.00000
1080.00000 538.00000
1144.00000 533.00000
1145.00000 682.00000
1054.00000 875.00000
IMAGE=DIPzei90_d_1.jpg
ID=0 
SCALE=0.000907
LM=10
1114.00000 609.00000
1213.00000 608.00000
1163.00000 800.00000
1054.00000 818.00000
1124.00000 819.00000
1057.00000 971.00000
1203.00000 834.00000
1279.00000 833.00000
1268.00000 1002.00000
1155.00000 1148.00000
IMAGE=DIPzei90_d_2.jpg
ID=1 
SCALE=0.000917
LM=10
980.00000 278.00000
1075.00000 277.00000
1029.00000 464.00000
922.00000 578.00000
992.00000 578.00000
930.00000 748.00000
1069.00000 531.00000
1148.00000 530.00000
1148.00000 707.00000
1048.00000 897.00000
IMAGE=DIPzei90_d_3.jpg
ID=2 
SCALE=0.000908
LM=10
1020.00000 746.00000
1114.00000 743.00000
1066.00000 923.00000
956.00000 952.00000
1026.00000 952.00000
964.00000 1110.00000
1107.00000 945.00000
1192.00000 946.00000
1175.00000 1080.00000
1067.00000 1272.00000
IMAGE=DIPzei90_d_4.jpg
ID=3 
SCALE=0.000905
LM=10
1097.00000 396.00000
1203.00000 396.00000
1152.00000 627.00000
1043.00000 631.00000
1120.00000 631.00000
1040.00000 810.00000
1196.00000 667.00000
1267.00000 667.00000
1261.00000 847.00000
1146.00000 986.00000
IMAGE=DIPzei90_d_5.jpg
ID=4 
SCALE=0.000896
